NAME: ritangle
TYPE: TSP
COMMENT: The special function is modified to be symmetric.
EDGE_WEIGHT_TYPE: SPECIAL
EDGE_WEIGHT_FORMAT: FUNCTION
DIMENSION: 61
NODE_COORD_SECTION :
1 0 0 0.0
2 1 2 5.0625
3 1 27 0.375
4 2 1 5.0625
5 2 17 3.9375
6 2 21 3.1875
7 2 27 0.1875
8 3 7 4.875
9 3 10 4.6875
10 3 14 4.3125
11 3 23 2.625
12 3 25 1.875
13 3 26 1.3125
14 5 15 4.125
15 5 22 2.8125
16 6 13 4.3125
17 6 23 2.4375
18 7 3 4.875
19 7 18 3.5625
20 7 19 3.375
21 7 26 0.5625
22 9 13 4.125
23 9 22 2.4375
24 10 3 4.6875
25 10 25 0.5625
26 11 17 3.375
27 11 18 3.1875
28 13 6 4.3125
29 13 9 4.125
30 13 22 1.6875
31 13 23 1.125
32 14 3 4.3125
33 14 23 0.5625
34 15 5 4.125
35 15 22 0.9375
36 17 2 3.9375
37 17 11 3.375
38 17 18 2.0625
39 17 21 0.375
40 18 7 3.5625
41 18 11 3.1875
42 18 17 2.0625
43 18 19 1.3125
44 19 7 3.375
45 19 18 1.3125
46 21 2 3.1875
47 21 17 0.375
48 22 5 2.8125
49 22 9 2.4375
50 22 13 1.6875
51 22 15 0.9375
52 23 3 2.625
53 23 6 2.4375
54 23 13 1.125
55 23 14 0.5625
56 25 3 1.875
57 25 10 0.5625
58 26 3 1.3125
59 26 7 0.5625
60 27 1 0.375
61 27 2 0.1875