NAME: ritangle
TYPE: TSP
COMMENT: Converted from special func tsp
EDGE_WEIGHT_TYPE: EXPLICIT
EDGE_WEIGHT_FORMAT: FULL_MATRIX
DIMENSION: 61
NODE_COORD_TYPE : NO_COORDS

EDGE_WEIGHT_SECTION :
403000000 1374724 56250 1374724 615625 403125 53125 1110813 964127 768294 293750 181250 121875 687216 338423 766497 264232 1110813 506589 459363 80086 679078 264232 964127 80086 446762 406678 766497 679078 169546 118750 768294 80086 687216 86336 615625 446762 214653 76961 506589 406678 214653 133678 459363 133678 403125 76961 338423 264232 169546 86336 293750 264232 118750 80086 181250 80086 121875 80086 56250 53125
1374724 0 1340625 88388 901665 1088815 1338500 336573 515388 760345 1182876 1269965 1310409 833199 1151054 755190 1204352 380173 998150 1042013 1330682 833199 1202033 565962 1328659 1042013 1080898 788706 847747 1278690 1312464 808170 1328659 869016 1320656 950000 1058503 1250121 1332599 1029752 1099269 1252328 1308332 1074702 1310409 1137500 1340625 1191910 1231797 1297827 1334909 1229261 1243034 1332962 1346746 1316666 1358661 1357250 1368505 1391586 1387500
56250 1340625 0 1391586 574369 363513 59375 1092488 940237 735772 273607 176777 139754 707456 373281 821428 367031 1324432 606458 562500 319763 881226 518574 1365976 476602 769607 732056 1287464 1156665 684375 657456 1442859 695699 1378840 765178 1555957 1193871 958503 866900 1378065 1226637 1026779 967540 1407862 1034356 1660156 1130534 1573816 1429807 1296318 1231214 1677882 1567566 1328840 1293318 1734556 1486169 1760897 1616406 1850978 1812844
1374724 88388 1391586 0 950000 1137500 1387500 380173 565962 808170 1229261 1316666 1357250 869016 1191910 788706 1243034 336573 1029752 1074702 1368505 847747 1231797 515388 1358661 1058503 1099269 755190 833199 1297827 1332962 760345 1346746 833199 1334909 901665 1042013 1252328 1340625 998150 1080898 1250121 1310409 1042013 1308332 1088815 1332599 1151054 1202033 1278690 1320656 1182876 1204352 1312464 1328659 1269965 1328659 1310409 1330682 1340625 1338500
615625 901665 574369 950000 0 250000 568750 628117 441942 197642 380173 499988 540269 225347 364434 353553 450694 890178 318689 336573 589782 503891 536366 949976 640685 562500 565962 915317 814449 697902 710873 1059454 745820 1018965 777669 1191910 929650 851665 848084 1068398 973150 900000 893726 1108029 938969 1329122 1021875 1278690 1183283 1113554 1086238 1371318 1291577 1153253 1135660 1443166 1277082 1476744 1375000 1555957 1526488
403125 1088815 363513 1137500 250000 0 356250 836158 683518 441942 139754 257694 318689 419263 197642 559017 279508 1068452 364434 336573 416053 653382 441942 1116136 509714 601818 580592 1055054 935816 633518 630892 1206665 670776 1152651 720670 1329122 1010763 852353 809375 1175515 1049648 912121 881226 1210511 938134 1449753 1030199 1380625 1259940 1158283 1112781 1479807 1384099 1195485 1169297 1544683 1337255 1575000 1451744 1660156 1626282
53125 1338500 59375 1387500 568750 356250 0 1085624 932719 726920 253030 404000000 404000000 690341 341548 803011 326593 1310140 577282 531074 267451 854499 473866 1346161 424811 732056 692646 1260327 1126626 635402 607110 1416641 644956 1349568 715169 1526488 1155961 912143 817150 1343125 1187621 980898 919427 1371815 986769 1626282 1082921 1536607 1389112 1251906 1184940 1641397 1528674 1283818 1247409 1696452 1442535 1722056 1574550 1812844 1774017
1110813 336573 1092488 380173 628117 836158 1085624 0 187500 437500 925000 1012500 1053125 515388 884762 419263 935816 353553 725860 769956 1061449 530330 929650 503891 1056285 777812 814449 628117 637377 1010763 1043398 731544 1061449 758276 1057344 890178 865511 1005850 1077449 890625 910584 1017013 1063594 937500 1073949 1068452 1117063 1083374 1077124 1105618 1127651 1144804 1123124 1144031 1150106 1230534 1200805 1270387 1240625 1324432 1310140
964127 515388 940237 565962 441942 683518 932719 187500 0 250000 771875 859375 900000 336573 733276 265165 785833 503891 559017 615554 912121 419263 789570 618718 915147 664384 696935 673146 628117 887275 916936 801920 938969 796875 942278 949976 836158 918726 974600 902353 882915 940147 974643 948316 994427 1116136 1050035 1107344 1070065 1068019 1076094 1181356 1138554 1108062 1107304 1263715 1187500 1302082 1247241 1365976 1346161
768294 760345 735772 808170 197642 441942 726920 437500 250000 0 562500 653125 693750 139754 515388 197642 586842 731544 353553 400195 713706 380173 612500 801920 733170 534000 559017 784062 698771 740312 763306 921567 791884 890625 808610 1059454 844016 834261 860749 958897 889853 871103 884319 1001337 918371 1206665 990539 1169940 1094844 1051315 1038815 1256896 1189533 1091874 1081250 1332962 1199284 1368505 1283332 1442859 1416641
293750 1182876 273607 1229261 380173 139754 253030 925000 771875 562500 0 125000 187500 515388 139754 637640 187500 1144804 400195 353553 303125 695595 380173 1181356 417130 600000 568574 1101779 972733 574369 562500 1256896 603125 1194165 661455 1371318 1021954 821428 757107 1199711 1057344 885900 841834 1231371 903778 1479807 998683 1399250 1264417 1145421 1090151 1501714 1396815 1180534 1149711 1561607 1330818 1589600 1454018 1677882 1641397
181250 1269965 176777 1316666 499988 257694 404000000 1012500 859375 653125 125000 0 62500 609902 225347 721591 225347 1230534 493738 448055 246780 770820 407285 1263715 390625 653185 615882 1176671 1043398 581390 559902 1332962 599642 1266190 665341 1443166 1077449 848249 765511 1262162 1110289 915625 860900 1291659 926337 1544683 1022386 1457436 1313849 1182985 1120421 1561607 1451186 1216190 1181896 1618135 1371978 1644508 1500933 1734556 1696452
121875 1310409 139754 1357250 540269 318689 404000000 1053125 900000 693750 187500 62500 0 649642 279508 760833 265165 1270387 528464 481238 231250 806516 423055 1302082 384803 680205 640685 1211784 1076779 588516 562640 1368505 601338 1299964 669956 1476744 1104039 862476 771428 1291622 1135660 930893 871397 1320099 938177 1575000 1034356 1484730 1337255 1201086 1135225 1589600 1476714 1233311 1197440 1644508 1391397 1670096 1522893 1760897 1722056
687216 833199 707456 869016 225347 419263 690341 515388 336573 139754 515388 609902 649642 0 437500 139754 503891 758276 225347 279508 637142 279508 503891 796875 637142 395285 419263 742705 625000 628382 653185 890625 680205 844607 694703 1018965 757456 721591 745820 891342 801949 760772 770699 931226 806516 1152651 881226 1101779 1010763 952737 934375 1194165 1115606 993039 979513 1266190 1108901 1299964 1201735 1378840 1349568
338423 1151054 373281 1191910 364434 197642 341548 884762 733276 515388 139754 225347 279508 437500 0 565962 88388 1083374 279508 225347 279508 608068 250000 1107344 347798 488141 450694 1013177 878842 475000 468738 1169940 509019 1101779 562500 1278690 917066 713706 655205 1098722 951469 777669 735833 1129039 796761 1380625 891278 1295832 1157547 1036769 981739 1399250 1291659 1071856 1041136 1457436 1222440 1484730 1346599 1573816 1536607
766497 755190 821428 788706 353553 559017 803011 419263 265165 197642 637640 721591 760833 139754 565962 0 612500 628117 318689 380173 733170 187500 586842 673146 713706 400195 441942 618718 503891 670088 700953 784062 721562 742705 723896 915317 687142 710402 758199 802070 733276 738706 764570 844016 790169 1055054 854334 1013177 937121 900000 893726 1101779 1031739 940625 932719 1176671 1043019 1211784 1125281 1287464 1260327
264232 1204352 367031 1243034 450694 279508 326593 935816 785833 586842 187500 225347 265165 503891 88388 612500 0 1123124 318689 257694 197642 631390 197642 1138554 273607 487387 441942 1031739 891999 422303 409375 1189533 450000 1115606 509019 1291577 910816 679152 605892 1100000 942278 745820 694956 1127651 758919 1384099 854650 1291659 1144265 1012148 950677 1396815 1283332 1045529 1011769 1451186 1201086 1476714 1330625 1567566 1528674
1110813 380173 1324432 336573 890178 1068452 1310140 353553 503891 731544 1144804 1230534 1270387 758276 1083374 628117 1123124 0 890625 937500 1240625 637377 1077124 187500 1200805 865511 910584 419263 530330 1105618 1144031 437500 1150106 515388 1127651 628117 777812 1017013 1117063 725860 814449 1005850 1073949 769956 1063594 836158 1077449 884762 929650 1010763 1057344 925000 935816 1043398 1061449 1012500 1056285 1053125 1061449 1092488 1085624
506589 998150 606458 1029752 318689 364434 577282 725860 559017 353553 400195 493738 528464 225347 279508 318689 318689 890625 0 62500 468750 336573 279508 902353 449539 257694 250000 802070 668958 448055 468637 958897 498866 891342 522214 1068398 725953 593750 587640 896567 764420 646018 633518 929566 681250 1175515 767408 1098722 974643 878069 839853 1199711 1100000 916278 893371 1262162 1053636 1291622 1166475 1378065 1343125
459363 1042013 562500 1074702 336573 336573 531074 769956 615554 400195 353553 448055 481238 279508 225347 380173 257694 937500 62500 0 415625 395285 225347 948316 401035 279508 257694 844016 708095 419263 435555 1001337 468738 931226 499075 1108029 752812 593119 572402 929566 789449 649642 628125 961028 680205 1210511 769607 1129039 998263 892150 848084 1231371 1127651 929400 903778 1291659 1071856 1320099 1189235 1407862 1371815
80086 1330682 319763 1368505 589782 416053 267451 1061449 912121 713706 303125 246780 231250 637142 279508 733170 197642 1240625 468750 415625 0 735772 273607 1247241 176864 558068 509714 1125281 979513 398055 363535 1283332 399539 1201735 472214 1375000 967013 684062 574642 1166475 992554 754384 683170 1189235 752360 1451744 847791 1346599 1183578 1029972 955054 1454018 1330625 1058901 1018750 1500933 1222909 1522893 1362253 1616406 1574550
679078 833199 881226 847747 503891 653382 854499 530330 419263 380173 695595 770820 806516 279508 608068 187500 631390 637377 336573 395285 735772 0 559375 628117 680205 279508 336573 503891 353553 589318 626016 698771 637142 625000 625208 814449 515388 574824 640685 668958 576222 595568 631458 708095 649642 935816 707456 878842 789449 746875 742022 972733 891999 787500 779908 1043398 892066 1076779 979513 1156665 1126626
264232 1202033 518574 1231797 536366 441942 473866 929650 789570 612500 380173 407285 423055 503891 250000 586842 197642 1077124 279508 225347 273607 559375 0 1070065 197642 336573 279508 937121 789449 250000 257694 1094844 304951 1010763 356250 1183283 776949 522214 449988 974643 804384 589782 536842 998263 601016 1259940 696875 1157547 1000489 859319 794491 1264417 1144265 891541 856226 1313849 1050000 1337255 1183578 1429807 1389112
964127 565962 1365976 515388 949976 1116136 1346161 503891 618718 801920 1181356 1263715 1302082 796875 1107344 673146 1138554 187500 902353 948316 1247241 628117 1070065 0 1187500 836158 882915 265165 419263 1068019 1108062 250000 1107304 336573 1076094 441942 664384 940147 1050035 559017 696935 918726 994427 615554 974643 683518 974600 733276 789570 887275 942278 771875 785833 916936 938969 859375 915147 900000 912121 940237 932719
80086 1328659 476602 1358661 640685 509714 424811 1056285 915147 733170 417130 390625 384803 637142 347798 713706 273607 1200805 449539 401035 176864 680205 197642 1187500 0 468738 416053 1043019 892066 249632 208403 1199284 242357 1108901 316548 1277082 848249 538725 418738 1053636 868726 609435 531250 1071856 601338 1337255 695699 1222440 1050000 886028 806025 1330818 1201086 912715 870219 1371978 1079410 1391397 1222909 1486169 1442535
446762 1042013 769607 1058503 562500 601818 732056 777812 664384 534000 600000 653185 680205 395285 488141 400195 487387 865511 257694 279508 558068 279508 336573 836158 468738 0 62500 687142 515388 336573 391228 844016 401035 757456 392031 929650 530330 380173 423055 725953 570352 437500 442130 752812 481238 1010763 562500 917066 776949 669610 630892 1021954 910816 707456 684091 1077449 848249 1104039 967013 1193871 1155961
406678 1080898 732056 1099269 565962 580592 692646 814449 696935 559017 568574 615882 640685 419263 450694 441942 441942 910584 250000 257694 509714 336573 279508 882915 416053 62500 0 733276 576222 279508 336573 889853 354048 801949 351593 973150 570352 375000 394785 764420 601225 441053 428553 789449 475000 1049648 561869 951469 804384 685402 638838 1057344 942278 721875 694956 1110289 868726 1135660 992554 1226637 1187621
766497 788706 1287464 755190 915317 1055054 1260327 628117 673146 784062 1101779 1176671 1211784 742705 1013177 618718 1031739 419263 802070 844016 1125281 503891 937121 265165 1043019 687142 733276 0 187500 900000 940625 197642 932719 139754 893726 353553 400195 738706 854334 318689 441942 710402 790169 380173 764570 559017 758199 565962 586842 670088 723896 637640 612500 700953 721562 721591 713706 760833 733170 821428 803011
679078 847747 1156665 833199 814449 935816 1126626 637377 628117 698771 972733 1043398 1076779 625000 878842 503891 891999 530330 668958 708095 979513 353553 789449 419263 892066 515388 576222 187500 0 746875 787500 380173 779908 279508 742022 503891 279508 595568 707456 336573 336573 574824 649642 395285 631458 653382 640685 608068 559375 589318 625208 695595 631390 626016 637142 770820 680205 806516 735772 881226 854499
169546 1278690 684375 1297827 697902 633518 635402 1010763 887275 740312 574369 581390 588516 628382 475000 670088 422303 1105618 448055 419263 398055 589318 250000 1068019 249632 336573 279508 900000 746875 0 62500 1051315 404000000 952737 125000 1113554 669610 345343 240530 878069 685402 416053 341548 892150 410555 1158283 506074 1036769 859319 692646 613838 1145421 1012148 719556 677812 1182985 886028 1201086 1029972 1296318 1251906
118750 1312464 657456 1332962 710873 630892 607110 1043398 916936 763306 562500 559902 562640 653185 468738 700953 409375 1144031 468637 435555 363535 626016 257694 1108062 208403 391228 336573 940625 787500 62500 0 1091874 62500 993039 139754 1153253 707456 373281 248607 916278 721875 443637 360781 929400 431137 1195485 525000 1071856 891541 719556 636455 1180534 1045529 744607 700806 1216190 912715 1233311 1058901 1328840 1283818
768294 808170 1442859 760345 1059454 1206665 1416641 731544 801920 921567 1256896 1332962 1368505 890625 1169940 784062 1189533 437500 958897 1001337 1283332 698771 1094844 250000 1199284 844016 889853 197642 380173 1051315 1091874 0 1081250 139754 1038815 197642 534000 871103 990539 353553 559017 834261 918371 400195 884319 441942 860749 515388 612500 740312 808610 562500 586842 763306 791884 653125 733170 693750 713706 735772 726920
80086 1328659 695699 1346746 745820 670776 644956 1061449 938969 791884 603125 599642 601338 680205 509019 721562 450000 1150106 498866 468738 399539 637142 304951 1107304 242357 401035 354048 932719 779908 404000000 62500 1081250 0 979513 88388 1135660 684091 335298 195903 893371 694956 404305 314093 903778 384803 1169297 476602 1041136 856226 677812 590685 1149711 1011769 700806 655146 1181896 870219 1197440 1018750 1293318 1247409
687216 869016 1378840 833199 1018965 1152651 1349568 758276 796875 890625 1194165 1266190 1299964 844607 1101779 742705 1115606 515388 891342 931226 1201735 625000 1010763 336573 1108901 757456 801949 139754 279508 952737 993039 139754 979513 0 934375 225347 395285 760772 881226 225347 419263 721591 806516 279508 770699 419263 745820 437500 503891 628382 694703 515388 503891 653185 680205 609902 637142 649642 637142 707456 690341
86336 1320656 765178 1334909 777669 720670 715169 1057344 942278 808610 661455 665341 669956 694703 562500 723896 509019 1127651 522214 499075 472214 625208 356250 1076094 316548 392031 351593 893726 742022 125000 139754 1038815 88388 934375 0 1086238 630892 273607 133678 839853 638838 341548 249632 848084 320343 1112781 412387 981739 794491 613838 526225 1090151 950677 636455 590685 1120421 806025 1135225 955054 1231214 1184940
615625 950000 1555957 901665 1191910 1329122 1526488 890178 949976 1059454 1371318 1443166 1476744 1018965 1278690 915317 1291577 628117 1068398 1108029 1375000 814449 1183283 441942 1277082 929650 973150 353553 503891 1113554 1153253 197642 1135660 225347 1086238 0 562500 900000 1021875 318689 565962 851665 938969 336573 893726 250000 848084 364434 536366 697902 777669 380173 450694 710873 745820 499988 640685 540269 589782 574369 568750
446762 1058503 1193871 1042013 929650 1010763 1155961 865511 836158 844016 1021954 1077449 1104039 757456 917066 687142 910816 777812 725953 752812 967013 515388 776949 664384 848249 530330 570352 400195 279508 669610 707456 534000 684091 395285 630892 562500 0 437500 562500 257694 62500 380173 481238 279508 442130 601818 423055 488141 336573 336573 392031 600000 487387 391228 401035 653185 468738 680205 558068 769607 732056
214653 1250121 958503 1252328 851665 852353 912143 1005850 918726 834261 821428 848249 862476 721591 713706 710402 679152 1017013 593750 593119 684062 574824 522214 940147 538725 380173 375000 738706 595568 345343 373281 871103 335298 760772 273607 900000 437500 0 187500 646018 441053 88388 88388 649642 125000 912121 246780 777669 589782 416053 341548 885900 745820 443637 404305 915625 609435 930893 754384 1026779 980898
76961 1332599 866900 1340625 848084 809375 817150 1077449 974600 860749 757107 765511 771428 745820 655205 758199 605892 1117063 587640 572402 574642 640685 449988 1050035 418738 423055 394785 854334 707456 240530 248607 990539 195903 881226 133678 1021875 562500 187500 0 767408 561869 246780 139754 769607 208403 1030199 295343 891278 696875 506074 412387 998683 854650 525000 476602 1022386 695699 1034356 847791 1130534 1082921
506589 1029752 1378065 998150 1068398 1175515 1343125 890625 902353 958897 1199711 1262162 1291622 891342 1098722 802070 1100000 725860 896567 929566 1166475 668958 974643 559017 1053636 725953 764420 318689 336573 878069 916278 353553 893371 225347 839853 318689 257694 646018 767408 0 250000 593750 681250 62500 633518 364434 587640 279508 279508 448055 522214 400195 318689 468637 498866 493738 449539 528464 468750 606458 577282
406678 1099269 1226637 1080898 973150 1049648 1187621 910584 882915 889853 1057344 1110289 1135660 801949 951469 733276 942278 814449 764420 789449 992554 576222 804384 696935 868726 570352 601225 441942 336573 685402 721875 559017 694956 419263 638838 565962 62500 441053 561869 250000 0 375000 475000 257694 428553 580592 394785 450694 279508 279508 351593 568574 441942 336573 354048 615882 416053 640685 509714 732056 692646
214653 1252328 1026779 1250121 900000 912121 980898 1017013 940147 871103 885900 915625 930893 760772 777669 738706 745820 1005850 646018 649642 754384 595568 589782 918726 609435 437500 441053 710402 574824 416053 443637 834261 404305 721591 341548 851665 380173 88388 246780 593750 375000 0 125000 593119 88388 852353 187500 713706 522214 345343 273607 821428 679152 373281 335298 848249 538725 862476 684062 958503 912143
133678 1308332 967540 1310409 893726 881226 919427 1063594 974643 884319 841834 860900 871397 770699 735833 764570 694956 1073949 633518 628125 683170 631458 536842 994427 531250 442130 428553 790169 649642 341548 360781 918371 314093 806516 249632 938969 481238 88388 139754 681250 475000 125000 0 680205 88388 938134 208403 796761 601016 410555 320343 903778 758919 431137 384803 926337 601338 938177 752360 1034356 986769
459363 1074702 1407862 1042013 1108029 1210511 1371815 937500 948316 1001337 1231371 1291659 1320099 931226 1129039 844016 1127651 769956 929566 961028 1189235 708095 998263 615554 1071856 752812 789449 380173 395285 892150 929400 400195 903778 279508 848084 336573 279508 649642 769607 62500 257694 593119 680205 0 628125 336573 572402 225347 225347 419263 499075 353553 257694 435555 468738 448055 401035 481238 415625 562500 531074
133678 1310409 1034356 1308332 938969 938134 986769 1073949 994427 918371 903778 926337 938177 806516 796761 790169 758919 1063594 681250 680205 752360 649642 601016 974643 601338 481238 475000 764570 631458 410555 431137 884319 384803 770699 320343 893726 442130 125000 208403 633518 428553 88388 88388 628125 0 881226 139754 735833 536842 341548 249632 841834 694956 360781 314093 860900 531250 871397 683170 967540 919427
403125 1137500 1660156 1088815 1329122 1449753 1626282 1068452 1116136 1206665 1479807 1544683 1575000 1152651 1380625 1055054 1384099 836158 1175515 1210511 1451744 935816 1259940 683518 1337255 1010763 1049648 559017 653382 1158283 1195485 441942 1169297 419263 1112781 250000 601818 912121 1030199 364434 580592 852353 938134 336573 881226 0 809375 197642 441942 633518 720670 139754 279508 630892 670776 257694 509714 318689 416053 363513 356250
76961 1340625 1130534 1332599 1021875 1030199 1082921 1117063 1050035 990539 998683 1022386 1034356 881226 891278 854334 854650 1077449 767408 769607 847791 707456 696875 974600 695699 562500 561869 758199 640685 506074 525000 860749 476602 745820 412387 848084 423055 246780 295343 587640 394785 187500 208403 572402 139754 809375 0 655205 449988 240530 133678 757107 605892 248607 195903 765511 418738 771428 574642 866900 817150
338423 1191910 1573816 1151054 1278690 1380625 1536607 1083374 1107344 1169940 1399250 1457436 1484730 1101779 1295832 1013177 1291659 884762 1098722 1129039 1346599 878842 1157547 733276 1222440 917066 951469 565962 608068 1036769 1071856 515388 1041136 437500 981739 364434 488141 777669 891278 279508 450694 713706 796761 225347 735833 197642 655205 0 250000 475000 562500 139754 88388 468738 509019 225347 347798 279508 279508 373281 341548
264232 1231797 1429807 1202033 1183283 1259940 1389112 1077124 1070065 1094844 1264417 1313849 1337255 1010763 1157547 937121 1144265 929650 974643 998263 1183578 789449 1000489 789570 1050000 776949 804384 586842 559375 859319 891541 612500 856226 503891 794491 536366 336573 589782 696875 279508 279508 522214 601016 225347 536842 441942 449988 250000 0 250000 356250 380173 197642 257694 304951 407285 197642 423055 273607 518574 473866
169546 1297827 1296318 1278690 1113554 1158283 1251906 1105618 1068019 1051315 1145421 1182985 1201086 952737 1036769 900000 1012148 1010763 878069 892150 1029972 746875 859319 887275 886028 669610 685402 670088 589318 692646 719556 740312 677812 628382 613838 697902 336573 416053 506074 448055 279508 345343 410555 419263 341548 633518 240530 475000 250000 0 125000 574369 422303 62500 404000000 581390 249632 588516 398055 684375 635402
86336 1334909 1231214 1320656 1086238 1112781 1184940 1127651 1076094 1038815 1090151 1120421 1135225 934375 981739 893726 950677 1057344 839853 848084 955054 742022 794491 942278 806025 630892 638838 723896 625208 613838 636455 808610 590685 694703 526225 777669 392031 341548 412387 522214 351593 273607 320343 499075 249632 720670 133678 562500 356250 125000 0 661455 509019 139754 88388 665341 316548 669956 472214 765178 715169
293750 1229261 1677882 1182876 1371318 1479807 1641397 1144804 1181356 1256896 1501714 1561607 1589600 1194165 1399250 1101779 1396815 925000 1199711 1231371 1454018 972733 1264417 771875 1330818 1021954 1057344 637640 695595 1145421 1180534 562500 1149711 515388 1090151 380173 600000 885900 998683 400195 568574 821428 903778 353553 841834 139754 757107 139754 380173 574369 661455 0 187500 562500 603125 125000 417130 187500 303125 273607 253030
264232 1243034 1567566 1204352 1291577 1384099 1528674 1123124 1138554 1189533 1396815 1451186 1476714 1115606 1291659 1031739 1283332 935816 1100000 1127651 1330625 891999 1144265 785833 1201086 910816 942278 612500 631390 1012148 1045529 586842 1011769 503891 950677 450694 487387 745820 854650 318689 441942 679152 758919 257694 694956 279508 605892 88388 197642 422303 509019 187500 0 409375 450000 225347 273607 265165 197642 367031 326593
118750 1332962 1328840 1312464 1153253 1195485 1283818 1144031 1108062 1091874 1180534 1216190 1233311 993039 1071856 940625 1045529 1043398 916278 929400 1058901 787500 891541 916936 912715 707456 721875 700953 626016 719556 744607 763306 700806 653185 636455 710873 391228 443637 525000 468637 336573 373281 431137 435555 360781 630892 248607 468738 257694 62500 139754 562500 409375 0 62500 559902 208403 562640 363535 657456 607110
80086 1346746 1293318 1328659 1135660 1169297 1247409 1150106 1107304 1081250 1149711 1181896 1197440 979513 1041136 932719 1011769 1061449 893371 903778 1018750 779908 856226 938969 870219 684091 694956 721562 637142 677812 700806 791884 655146 680205 590685 745820 401035 404305 476602 498866 354048 335298 384803 468738 314093 670776 195903 509019 304951 404000000 88388 603125 450000 62500 0 599642 242357 601338 399539 695699 644956
181250 1316666 1734556 1269965 1443166 1544683 1696452 1230534 1263715 1332962 1561607 1618135 1644508 1266190 1457436 1176671 1451186 1012500 1262162 1291659 1500933 1043398 1313849 859375 1371978 1077449 1110289 721591 770820 1182985 1216190 653125 1181896 609902 1120421 499988 653185 915625 1022386 493738 615882 848249 926337 448055 860900 257694 765511 225347 407285 581390 665341 125000 225347 559902 599642 0 390625 62500 246780 176777 404000000
80086 1358661 1486169 1328659 1277082 1337255 1442535 1200805 1187500 1199284 1330818 1371978 1391397 1108901 1222440 1043019 1201086 1056285 1053636 1071856 1222909 892066 1050000 915147 1079410 848249 868726 713706 680205 886028 912715 733170 870219 637142 806025 640685 468738 609435 695699 449539 416053 538725 601338 401035 531250 509714 418738 347798 197642 249632 316548 417130 273607 208403 242357 390625 0 384803 176864 476602 424811
121875 1357250 1760897 1310409 1476744 1575000 1722056 1270387 1302082 1368505 1589600 1644508 1670096 1299964 1484730 1211784 1476714 1053125 1291622 1320099 1522893 1076779 1337255 900000 1391397 1104039 1135660 760833 806516 1201086 1233311 693750 1197440 649642 1135225 540269 680205 930893 1034356 528464 640685 862476 938177 481238 871397 318689 771428 279508 423055 588516 669956 187500 265165 562640 601338 62500 384803 0 231250 139754 404000000
80086 1368505 1616406 1330682 1375000 1451744 1574550 1240625 1247241 1283332 1454018 1500933 1522893 1201735 1346599 1125281 1330625 1061449 1166475 1189235 1362253 979513 1183578 912121 1222909 967013 992554 733170 735772 1029972 1058901 713706 1018750 637142 955054 589782 558068 754384 847791 468750 509714 684062 752360 415625 683170 416053 574642 279508 273607 398055 472214 303125 197642 363535 399539 246780 176864 231250 0 319763 267451
56250 1391586 1850978 1340625 1555957 1660156 1812844 1324432 1365976 1442859 1677882 1734556 1760897 1378840 1573816 1287464 1567566 1092488 1378065 1407862 1616406 1156665 1429807 940237 1486169 1193871 1226637 821428 881226 1296318 1328840 735772 1293318 707456 1231214 574369 769607 1026779 1130534 606458 732056 958503 1034356 562500 967540 363513 866900 373281 518574 684375 765178 273607 367031 657456 695699 176777 476602 139754 319763 0 59375
53125 1387500 1812844 1338500 1526488 1626282 1774017 1310140 1346161 1416641 1641397 1696452 1722056 1349568 1536607 1260327 1528674 1085624 1343125 1371815 1574550 1126626 1389112 932719 1442535 1155961 1187621 803011 854499 1251906 1283818 726920 1247409 690341 1184940 568750 732056 980898 1082921 577282 692646 912143 986769 531074 919427 356250 817150 341548 473866 635402 715169 253030 326593 607110 644956 404000000 424811 404000000 267451 59375 0
